68
101
120
269
516
523
607
642
682
794
877
881
1123
1336
1364
1443
1564
1608
2144
2152
2171
2546
2634
3053
3084
3193
3225
3254
3414
3445
3467
3470
3482
3811
3933
3959
4036
4123
4159
4184
4203
4225
4227
4306
4536
4555
4601
4613
4728
4752
4772
4794
5035
5077
5093
5305
5371
5402
5531
5535
5550
5560
5719
5733
5742
5904
5920
5952
5956
5996
6004
6209
6210
6305
6376
6403
6484
6569
6633
6668
6769
6878
6947
7022
7033
7060
7147
7181
7251
7274
7302
7343
7419
7438
7471
7472
